0 0 0 0 16 1 3 1 0 49 2 3 0 0 70
14 0 0 49 16 0 0 0 0 49 0 3 0 0 70
0 28 0 49 16 0 3 1 0 0 2 0 12 14 0
14 0 0 49 0 1 3 0 0 49 0 0 0 0 70
14 0 0 49 0 0 0 0 0 49 0 0 12 0 70
0 28 0 0 0 1 3 0 0 0 2 3 12 0 70
0 0 0 49 0 1 3 0 0 49 0 3 0 0 70
14 28 0 0 16 1 0 0 0 0 2 3 0 0 0
14 0 0 0 0 0 3 0 0 49 2 3 0 0 0
14 28 0 49 16 1 0 1 0 0 2 3 12 14 0
14 0 0 49 0 1 3 1 0 49 2 0 0 0 0
0 0 0 0 16 1 3 1 0 49 0 3 0 0 70
14 28 0 0 0 1 0 1 0 0 2 3 0 14 70
0 28 0 0 0 0 0 0 0 0 0 0 0 0 70
14 28 0 0 0 1 3 1 0 0 2 0 12 0 0
14 0 0 0 16 0 3 1 0 0 0 0 0 14 70
0 28 0 0 16 0 0 0 0 49 2 0 0 0 70
0 28 0 49 0 0 0 0 0 0 2 0 12 0 70
0 28 0 0 0 0 0 0 0 0 0 0 0 14 70
14 0 0 0 16 1 0 0 0 49 0 3 12 0 0
-----------
Randomized Rate-Based Primitive Event Generation
-----------
SELECT SEQ(J, AND(E, SEQ(O, AND(A, K, H)))) FROM E, K, SEQ(O, H), A, J ON {1}/n(E) WITH selectionRate = 2.63726931e-8
SELECT SEQ(O, H) FROM H, O ON {0, 1, 3, 4, 5, 6, 11, 12, 13, 15, 16, 17, 18}/n(O) WITH selectionRate = 0.005467279169752329
