0 67 0 0 0 0 0 0 6 7 0 23 0 0 1
53 0 38 2 0 0 0 0 0 7 0 23 153 0 1
53 67 0 2 0 6 0 0 0 0 33 0 0 19 0
53 67 38 2 0 6 0 17 0 7 0 0 153 0 0
0 67 0 0 4 0 15 0 0 0 0 23 153 0 1
0 0 0 2 4 0 15 17 0 7 0 0 0 19 0
53 0 0 2 0 0 0 0 6 0 33 23 0 19 0
53 0 0 0 0 6 0 17 6 0 33 0 0 19 0
0 67 38 0 0 6 15 0 0 7 0 0 0 0 1
0 67 0 0 4 6 15 0 6 0 0 0 0 0 1
53 67 38 2 4 0 0 0 6 7 0 23 0 19 1
0 0 38 2 4 6 15 0 6 0 0 0 0 0 0
0 67 38 0 4 6 0 17 0 0 0 23 153 0 1
0 0 38 0 4 6 0 17 6 7 33 0 0 19 1
53 0 0 2 4 6 0 17 0 7 33 0 153 19 0
53 0 0 2 0 0 0 17 0 0 0 0 0 19 0
53 67 38 0 0 0 15 17 0 7 0 0 0 19 0
53 0 0 0 4 6 0 17 0 0 0 0 153 19 1
0 0 38 0 4 6 15 0 6 0 33 0 153 19 0
0 0 0 0 4 0 15 17 6 0 0 23 0 0 1
-----------
Randomized Rate-Based Primitive Event Generation
-----------
SELECT SEQ(A, AND(J, SEQ(K, AND(O, SEQ(C, G, E))))) FROM A, AND(J, SEQ(K, AND(O, SEQ(C, G, E)))) ON {1, 2, 3, 6, 7, 10, 14, 15, 16, 17}/n(A) WITH selectionRate = 0.0168296138
SELECT AND(J, SEQ(K, AND(O, SEQ(C, G, E)))) FROM C, E, G, J, K, O ON {18}/n(G) WITH selectionRate = 1.2487584680309163e-9
