1 0 0 1 0 1 0 0 0 
1 0 0 1 0 1 0 0 0 
1 0 0 1 0 1 0 0 0 
1 0 0 1 0 1 0 0 0 
1 0 0 1 0 1 0 0 0 
1 0 0 1 0 1 0 0 0 
1 0 0 1 0 1 0 0 0 
1 0 0 1 0 1 0 0 0 
1 0 0 1 0 1 0 0 0 
1 0 0 1 0 1 0 0 0 
1 0 0 1 0 1 0 0 0 
1 0 0 1 0 1 0 0 0 
1 0 0 1 0 1 0 0 0 
1 0 0 1 0 1 0 0 0 
1 0 0 1 0 1 0 0 0 
1 0 0 1 0 1 0 0 0 
1 0 0 1 0 1 0 0 0 
1 0 0 1 0 1 0 0 0 
1 0 0 1 0 1 0 0 0 
1 0 0 1 0 1 0 0 0
-----------
Dataset-Based Primitive Event Generation 
hm_input_%NodeName%.txt 
-----------
Single Selectivities:{'A': 1.0, 'E': 1.0, 'F': 1.0, 'G': 1.0, 'H': 1.0, 'A|A': 1.0, 'B|B': 1.0, 'C|C': 1.0, 'D|D': 1.0, 'E|E': 1.0, 'F|F': 1.0,'G|G': 1.0, 'H|H': 1.0, 'I|I': 1.0, 'D|AD': 0.15025967341474958, 'A|AD': 0.03327572785413226, 'F|AF': 0.8936009297002946, 'A|AF': 0.0055953388518485015, 'D|DF': 0.4652230708988886, 'F|DF': 0.010747532340430077, 'D|ADF': 0.313372888786336, 'F|ADF': 0.0056534095006594625, 'A|ADF': 7.055668168013051e-05}
-----------
SELECT AND(D,F,A) FROM D;F;A ON {1}/n(E) ~ [[D;F]; [A]] ยง [[]; [F]]
