0 1 0 0 0 1 0 1 0 
0 1 0 0 0 1 0 1 0 
0 1 0 0 0 1 0 1 0 
0 1 0 0 0 1 0 1 0 
0 1 0 0 0 1 0 1 0 
0 1 0 0 0 1 0 1 0 
0 1 0 0 0 1 0 1 0 
0 1 0 0 0 1 0 1 0 
0 1 0 0 0 1 0 1 0 
0 1 0 0 0 1 0 1 0 
0 1 0 0 0 1 0 1 0 
0 1 0 0 0 1 0 1 0 
0 1 0 0 0 1 0 1 0 
0 1 0 0 0 1 0 1 0 
0 1 0 0 0 1 0 1 0 
0 1 0 0 0 1 0 1 0 
0 1 0 0 0 1 0 1 0 
0 1 0 0 0 1 0 1 0 
0 1 0 0 0 1 0 1 0 
0 1 0 0 0 1 0 1 0
-----------
Dataset-Based Primitive Event Generation 
hm_input_%NodeName%.txt 
-----------
Single Selectivities:{'A': 1.0, 'E': 1.0, 'F': 1.0, 'G': 1.0, 'A|A': 1.0, 'B|B': 1.0, 'C|C': 1.0, 'D|D': 1.0, 'E|E': 1.0, 'F|F': 1.0,'G|G': 1.0, 'H|H': 1.0, 'I|I': 1.0, 'B|BF': 0.33770675272962414, 'F|BF': 0.01480574480547363, 'H|BH': 0.4651729329819366, 'B|BH': 0.010748690745929875, 'H|FH': 0.3245672815069966, 'F|FH': 0.01540512640949059, 'H|BFH': 0.3169493260207004, 'F|BFH': 0.0011969452767788087, 'B|BFH': 0.0003294927667349324}
-----------
SELECT AND(H,B,F) FROM H;B;F ON {1}/n(E) ~ [[H]; [B;F]] ยง [[]; [H]]
