1 0 0 1 0 0 0 0 1 
1 0 0 1 0 0 0 0 1 
1 0 0 1 0 0 0 0 1 
1 0 0 1 0 0 0 0 1 
1 0 0 1 0 0 0 0 1 
1 0 0 1 0 0 0 0 1 
1 0 0 1 0 0 0 0 1 
1 0 0 1 0 0 0 0 1 
1 0 0 1 0 0 0 0 1 
1 0 0 1 0 0 0 0 1 
1 0 0 1 0 0 0 0 1 
1 0 0 1 0 0 0 0 1 
1 0 0 1 0 0 0 0 1 
1 0 0 1 0 0 0 0 1 
1 0 0 1 0 0 0 0 1 
1 0 0 1 0 0 0 0 1 
1 0 0 1 0 0 0 0 1 
1 0 0 1 0 0 0 0 1 
1 0 0 1 0 0 0 0 1 
1 0 0 1 0 0 0 0 1
-----------
Dataset-Based Primitive Event Generation 
hm_input_%NodeName%.txt 
-----------
Single Selectivities:{'A': 1.0, 'E': 1.0, 'F': 1.0, 'G': 1.0, 'H': 1.0, 'A|A': 1.0, 'B|B': 1.0, 'C|C': 1.0, 'D|D': 1.0, 'E|E': 1.0, 'F|F': 1.0,'G|G': 1.0, 'H|H': 1.0, 'I|I': 1.0, 'D|AD': 0.1402246030279852, 'A|AD': 0.03565708079774082, 'A|AI': 0.084360277356751, 'I|AI': 0.0592696012467516, 'I|DI': 0.22712918441157823, 'D|DI': 0.022013903730396692, 'D|ADI': 0.11115574689193074, 'I|ADI': 0.023388278221549208, 'A|ADI': 4.808170287470477e-05}
-----------
SELECT AND(D,I,A) FROM D;I;A ON {1}/n(E) ~ [[I]; [D]; [A]] ยง [[]; [I]; [I;D]]
