1 1 0 0 0 0 1 0 0 
1 1 0 0 0 0 1 0 0 
1 1 0 0 0 0 1 0 0 
1 1 0 0 0 0 1 0 0 
1 1 0 0 0 0 1 0 0 
1 1 0 0 0 0 1 0 0 
1 1 0 0 0 0 1 0 0 
1 1 0 0 0 0 1 0 0 
1 1 0 0 0 0 1 0 0 
1 1 0 0 0 0 1 0 0 
1 1 0 0 0 0 1 0 0 
1 1 0 0 0 0 1 0 0 
1 1 0 0 0 0 1 0 0 
1 1 0 0 0 0 1 0 0 
1 1 0 0 0 0 1 0 0 
1 1 0 0 0 0 1 0 0 
1 1 0 0 0 0 1 0 0 
1 1 0 0 0 0 1 0 0 
1 1 0 0 0 0 1 0 0 
1 1 0 0 0 0 1 0 0
-----------
Dataset-Based Primitive Event Generation 
hm_input_%NodeName%.txt 
-----------
Single Selectivities:{'A': 1.0, 'E': 1.0, 'F': 1.0, 'G': 1.0, 'H': 1.0, 'A|A': 1.0, 'B|B': 1.0, 'C|C': 1.0, 'D|D': 1.0, 'E|E': 1.0, 'F|F': 1.0,'G|G': 1.0, 'H|H': 1.0, 'I|I': 1.0, 'A|AB': 0.40841599936539547, 'B|AB': 0.012242419512871913, 'G|AG': 0.7213264488827383, 'A|AG': 0.0069316742894212375, 'G|BG': 0.7331842206204486, 'B|BG': 0.006819568478668033, 'B|ABG': 0.025244775493807287, 'G|ABG': 0.10382992748647638, 'A|ABG': 4.768875115213364e-05}
-----------
SELECT AND(G,B,A) FROM G;B;A ON {1}/n(E) ~ [[G;I]; [B]; [A]] ยง [[]; [G]; [G]]
