0 0 1 0 1 0 0 0 1 
0 0 1 0 1 0 0 0 1 
0 0 1 0 1 0 0 0 1 
0 0 1 0 1 0 0 0 1 
0 0 1 0 1 0 0 0 1 
0 0 1 0 1 0 0 0 1 
0 0 1 0 1 0 0 0 1 
0 0 1 0 1 0 0 0 1 
0 0 1 0 1 0 0 0 1 
0 0 1 0 1 0 0 0 1 
0 0 1 0 1 0 0 0 1 
0 0 1 0 1 0 0 0 1 
0 0 1 0 1 0 0 0 1 
0 0 1 0 1 0 0 0 1 
0 0 1 0 1 0 0 0 1 
0 0 1 0 1 0 0 0 1 
0 0 1 0 1 0 0 0 1 
0 0 1 0 1 0 0 0 1 
0 0 1 0 1 0 0 0 1 
0 0 1 0 1 0 0 0 1
-----------
Dataset-Based Primitive Event Generation 
hm_input_%NodeName%.txt 
-----------
Single Selectivities:{'A': 1.0, 'E': 1.0, 'F': 1.0, 'G': 1.0, 'H': 1.0, 'A|A': 1.0, 'B|B': 1.0, 'C|C': 1.0, 'D|D': 1.0, 'E|E': 1.0, 'F|F': 1.0,'G|G': 1.0, 'H|H': 1.0, 'I|I': 1.0, 'C|CE': 0.11822243148363339, 'E|CE': 0.042293158220926934, 'I|CI': 0.5475304828915245, 'C|CI': 0.009131911658315084, 'I|EI': 0.8298769898015108, 'E|EI': 0.00602498931943624, 'C|CEI': 0.008722691393371554, 'I|CEI': 0.13426594149414522, 'E|CEI': 0.00010673175335942}
-----------
SELECT AND(I,C,E) FROM I;C;E ON {1}/n(E) ~ [[I]; [C]; [E]] ยง [[]; [I]; [I;C]]
