1 1 0 0 0 0 0 1 0 
1 1 0 0 0 0 0 1 0 
1 1 0 0 0 0 0 1 0 
1 1 0 0 0 0 0 1 0 
1 1 0 0 0 0 0 1 0 
1 1 0 0 0 0 0 1 0 
1 1 0 0 0 0 0 1 0 
1 1 0 0 0 0 0 1 0 
1 1 0 0 0 0 0 1 0 
1 1 0 0 0 0 0 1 0 
1 1 0 0 0 0 0 1 0 
1 1 0 0 0 0 0 1 0 
1 1 0 0 0 0 0 1 0 
1 1 0 0 0 0 0 1 0 
1 1 0 0 0 0 0 1 0 
1 1 0 0 0 0 0 1 0 
1 1 0 0 0 0 0 1 0 
1 1 0 0 0 0 0 1 0 
1 1 0 0 0 0 0 1 0 
1 1 0 0 0 0 0 1 0
-----------
Dataset-Based Primitive Event Generation 
hm_input_%NodeName%.txt 
-----------
Single Selectivities:{'A': 1.0, 'E': 1.0, 'F': 1.0, 'G': 1.0, 'A|A': 1.0, 'B|B': 1.0, 'C|C': 1.0, 'D|D': 1.0, 'E|E': 1.0, 'F|F': 1.0,'G|G': 1.0, 'H|H': 1.0, 'I|I': 1.0, 'B|AB': 0.7322083483864665, 'A|AB': 0.006828657459339637, 'H|AH': 0.670559791503641, 'A|AH': 0.007456456625274483, 'H|BH': 0.7752667499374213, 'B|BH': 0.006449393064262842, 'B|ABH': 0.017768061734458777, 'H|ABH': 0.14789512447993677, 'A|ABH': 4.756813246620489e-05}
-----------
SELECT AND(H,B,A) FROM H;B;A ON {1}/n(E) ~ [[H]; [B;A]] ยง [[]; [H]]
