0 0 1 0 1 0 1 0 0 
0 0 1 0 1 0 1 0 0 
0 0 1 0 1 0 1 0 0 
0 0 1 0 1 0 1 0 0 
0 0 1 0 1 0 1 0 0 
0 0 1 0 1 0 1 0 0 
0 0 1 0 1 0 1 0 0 
0 0 1 0 1 0 1 0 0 
0 0 1 0 1 0 1 0 0 
0 0 1 0 1 0 1 0 0 
0 0 1 0 1 0 1 0 0 
0 0 1 0 1 0 1 0 0 
0 0 1 0 1 0 1 0 0 
0 0 1 0 1 0 1 0 0 
0 0 1 0 1 0 1 0 0 
0 0 1 0 1 0 1 0 0 
0 0 1 0 1 0 1 0 0 
0 0 1 0 1 0 1 0 0 
0 0 1 0 1 0 1 0 0 
0 0 1 0 1 0 1 0 0
-----------
Dataset-Based Primitive Event Generation 
hm_input_%NodeName%.txt 
-----------
Single Selectivities:{'A': 1.0, 'E': 1.0, 'F': 1.0, 'G': 1.0, 'H': 1.0, 'A|A': 1.0, 'B|B': 1.0, 'C|C': 1.0, 'D|D': 1.0, 'E|E': 1.0, 'F|F': 1.0,'G|G': 1.0, 'H|H': 1.0, 'I|I': 1.0, 'E|CE': 0.4003701305946552, 'C|CE': 0.012488444111886373, 'G|CG': 0.9077714179754551, 'C|CG': 0.005507994524823421, 'G|EG': 0.6576825007709657, 'E|EG': 0.007602452542281071, 'C|CEG': 0.0014539042694501007, 'G|CEG': 0.5516173867923471, 'E|CEG': 0.0001558605680004479}
-----------
SELECT AND(G,C,E) FROM G;C;E ON {1}/n(E) ~ [[G]; [C]; [E]] ยง [[]; [G]; [G;C]]
