network
Node 0 [0, 12, 0, 25, 1, 36, 46, 0, 0, 0]
Node 1 [0, 0, 1054, 25, 1, 36, 46, 0, 0, 4271]
Node 2 [0, 0, 0, 25, 0, 36, 0, 0, 0, 4271]
Node 3 [0, 12, 1054, 0, 0, 36, 0, 4533, 0, 4271]
Node 4 [0, 0, 1054, 25, 1, 0, 0, 0, 8, 4271]
Node 5 [3, 0, 0, 25, 0, 36, 0, 4533, 8, 4271]
Node 6 [3, 0, 0, 25, 1, 0, 46, 0, 0, 4271]
Node 7 [3, 0, 0, 25, 1, 0, 0, 4533, 8, 0]
Node 8 [0, 12, 1054, 25, 1, 0, 46, 0, 8, 0]
Node 9 [0, 0, 0, 25, 0, 0, 0, 4533, 8, 4271]
Node 10 [3, 12, 1054, 25, 0, 36, 0, 4533, 0, 4271]
Node 11 [0, 12, 0, 25, 1, 36, 46, 0, 8, 4271]
Node 12 [0, 12, 0, 0, 1, 0, 0, 0, 0, 4271]
Node 13 [0, 0, 0, 25, 0, 0, 0, 4533, 8, 0]
Node 14 [3, 0, 0, 25, 0, 0, 0, 4533, 0, 0]
Node 15 [0, 0, 1054, 0, 1, 36, 46, 0, 8, 0]
Node 16 [3, 12, 1054, 25, 1, 36, 46, 0, 8, 0]
Node 17 [3, 0, 1054, 0, 1, 36, 0, 4533, 0, 0]
Node 18 [3, 0, 1054, 0, 0, 36, 46, 4533, 8, 4271]
Node 19 [3, 0, 1054, 25, 1, 0, 46, 0, 8, 0]
Node 20 [3, 12, 1054, 25, 0, 0, 0, 0, 8, 4271]
Node 21 [0, 12, 0, 25, 1, 36, 0, 4533, 0, 4271]
Node 22 [3, 12, 0, 25, 0, 0, 46, 0, 0, 0]
Node 23 [3, 0, 0, 0, 1, 36, 0, 4533, 0, 4271]
Node 24 [0, 0, 1054, 25, 1, 0, 46, 0, 8, 4271]
Node 25 [0, 12, 0, 0, 0, 36, 0, 0, 8, 4271]
Node 26 [3, 12, 0, 0, 0, 0, 46, 0, 8, 0]
Node 27 [0, 0, 1054, 0, 1, 36, 46, 0, 0, 0]
Node 28 [3, 0, 0, 0, 1, 0, 0, 0, 8, 0]
Node 29 [0, 0, 1054, 25, 1, 0, 46, 4533, 8, 4271]
Node 30 [0, 12, 1054, 0, 1, 0, 46, 4533, 8, 4271]
Node 31 [3, 0, 0, 25, 1, 0, 46, 0, 0, 4271]
Node 32 [0, 12, 1054, 25, 0, 36, 0, 4533, 0, 0]
Node 33 [3, 12, 1054, 0, 0, 0, 46, 4533, 8, 0]
Node 34 [0, 0, 1054, 0, 1, 36, 46, 0, 8, 4271]
Node 35 [3, 12, 0, 0, 0, 0, 0, 4533, 0, 0]
Node 36 [3, 0, 1054, 0, 1, 36, 46, 4533, 0, 0]
Node 37 [3, 12, 0, 25, 1, 36, 0, 0, 0, 4271]
Node 38 [3, 0, 0, 0, 1, 0, 46, 0, 8, 4271]
Node 39 [0, 0, 1054, 0, 1, 36, 46, 4533, 8, 4271]
Node 40 [0, 0, 0, 0, 0, 0, 46, 4533, 8, 4271]
Node 41 [3, 0, 0, 25, 1, 0, 0, 4533, 0, 4271]
Node 42 [0, 0, 1054, 25, 1, 0, 0, 4533, 8, 4271]
Node 43 [3, 0, 1054, 25, 0, 0, 0, 4533, 8, 4271]
Node 44 [3, 12, 0, 25, 1, 0, 0, 4533, 0, 4271]
Node 45 [3, 12, 1054, 25, 1, 0, 46, 0, 0, 4271]
Node 46 [3, 12, 1054, 0, 1, 0, 46, 4533, 0, 0]
Node 47 [0, 12, 0, 25, 0, 36, 0, 4533, 0, 0]
Node 48 [3, 12, 0, 25, 1, 36, 0, 0, 0, 0]
Node 49 [0, 0, 1054, 0, 0, 36, 0, 4533, 0, 4271]
Node 50 [0, 0, 0, 0, 0, 0, 0, 4533, 0, 0]
Node 51 [3, 12, 0, 25, 0, 0, 46, 0, 8, 0]
Node 52 [0, 0, 0, 25, 0, 0, 46, 4533, 8, 0]
Node 53 [3, 0, 0, 0, 1, 0, 46, 4533, 8, 4271]
Node 54 [0, 12, 0, 0, 1, 0, 46, 4533, 8, 4271]
Node 55 [3, 12, 0, 25, 0, 36, 46, 0, 8, 4271]
Node 56 [3, 12, 0, 25, 1, 36, 46, 4533, 0, 4271]
Node 57 [0, 0, 1054, 0, 1, 0, 46, 4533, 0, 0]
Node 58 [3, 0, 1054, 0, 1, 0, 46, 0, 0, 4271]
Node 59 [0, 12, 0, 0, 1, 36, 46, 0, 8, 4271]
Node 60 [3, 12, 1054, 0, 1, 36, 46, 0, 0, 0]
Node 61 [0, 12, 0, 0, 0, 36, 0, 4533, 8, 0]
Node 62 [0, 0, 0, 25, 1, 36, 0, 4533, 8, 0]
Node 63 [3, 12, 0, 0, 1, 0, 46, 4533, 0, 4271]
Node 64 [0, 0, 1054, 0, 0, 0, 46, 0, 8, 4271]
Node 65 [0, 12, 0, 0, 0, 0, 46, 4533, 0, 4271]
Node 66 [0, 12, 1054, 25, 0, 0, 46, 4533, 0, 4271]
Node 67 [0, 12, 0, 0, 0, 0, 0, 4533, 0, 4271]
Node 68 [3, 0, 1054, 25, 1, 0, 0, 4533, 0, 4271]
Node 69 [3, 12, 0, 0, 1, 36, 0, 0, 0, 4271]
Node 70 [0, 12, 1054, 25, 1, 0, 0, 4533, 8, 0]
Node 71 [0, 12, 0, 0, 1, 0, 0, 0, 0, 0]
Node 72 [0, 0, 0, 0, 0, 0, 46, 0, 8, 4271]
Node 73 [0, 12, 1054, 0, 0, 36, 46, 0, 0, 0]
Node 74 [3, 12, 0, 25, 0, 36, 46, 0, 0, 0]
Node 75 [0, 0, 1054, 0, 0, 0, 46, 4533, 8, 4271]
Node 76 [0, 12, 1054, 25, 1, 0, 46, 4533, 8, 4271]
Node 77 [0, 12, 0, 25, 0, 36, 46, 0, 0, 4271]
Node 78 [0, 12, 1054, 25, 0, 36, 46, 0, 8, 0]
Node 79 [0, 0, 1054, 25, 0, 0, 0, 0, 0, 0]
Node 80 [3, 0, 1054, 25, 0, 0, 0, 4533, 8, 4271]
Node 81 [3, 12, 0, 0, 0, 0, 46, 4533, 8, 4271]
Node 82 [3, 12, 0, 25, 1, 0, 46, 0, 8, 0]
Node 83 [3, 12, 1054, 25, 1, 0, 0, 4533, 0, 0]
Node 84 [3, 12, 0, 0, 0, 0, 46, 0, 8, 0]
Node 85 [3, 0, 0, 0, 1, 0, 0, 0, 8, 4271]
Node 86 [3, 12, 1054, 25, 1, 0, 46, 0, 0, 4271]
Node 87 [0, 0, 0, 0, 1, 0, 46, 4533, 0, 4271]
Node 88 [3, 0, 0, 0, 1, 0, 46, 0, 8, 0]
Node 89 [3, 12, 1054, 0, 0, 36, 0, 0, 8, 4271]
Node 90 [3, 0, 0, 25, 1, 36, 0, 0, 8, 4271]
Node 91 [0, 12, 0, 0, 1, 36, 46, 0, 8, 0]
Node 92 [3, 12, 0, 0, 1, 36, 46, 0, 0, 0]
Node 93 [3, 0, 0, 0, 0, 36, 0, 0, 8, 0]
Node 94 [3, 0, 1054, 25, 1, 36, 46, 0, 0, 4271]
Node 95 [0, 0, 1054, 0, 0, 0, 0, 0, 8, 4271]
Node 96 [3, 12, 1054, 25, 1, 0, 0, 0, 0, 4271]
Node 97 [0, 12, 0, 0, 1, 36, 0, 0, 8, 4271]
Node 98 [3, 0, 1054, 0, 0, 0, 0, 0, 0, 0]
Node 99 [3, 12, 1054, 0, 1, 36, 0, 0, 8, 4271]
Node 100 [3, 12, 0, 0, 1, 0, 46, 0, 8, 0]
Node 101 [3, 0, 1054, 25, 0, 36, 0, 4533, 0, 0]
Node 102 [3, 0, 0, 0, 0, 36, 46, 0, 8, 4271]
Node 103 [3, 0, 0, 0, 0, 0, 0, 0, 8, 0]
Node 104 [3, 0, 0, 25, 0, 0, 46, 0, 8, 4271]
Node 105 [3, 0, 1054, 25, 1, 0, 0, 0, 0, 4271]
Node 106 [3, 0, 0, 25, 0, 0, 46, 4533, 0, 0]
Node 107 [3, 0, 1054, 0, 1, 36, 46, 0, 8, 0]
Node 108 [3, 0, 0, 25, 1, 36, 0, 4533, 8, 0]
Node 109 [3, 12, 0, 25, 1, 0, 0, 0, 8, 0]
Node 110 [3, 0, 1054, 25, 1, 36, 46, 0, 8, 0]
Node 111 [3, 12, 0, 25, 0, 36, 46, 0, 8, 4271]
Node 112 [0, 0, 1054, 25, 0, 36, 0, 4533, 0, 0]
Node 113 [3, 12, 0, 0, 1, 36, 0, 4533, 8, 0]
Node 114 [0, 0, 1054, 25, 1, 36, 0, 4533, 0, 4271]
Node 115 [3, 12, 1054, 25, 1, 0, 46, 4533, 8, 4271]
Node 116 [3, 12, 1054, 25, 0, 36, 0, 0, 8, 4271]
Node 117 [0, 0, 1054, 0, 1, 36, 46, 0, 8, 4271]
Node 118 [3, 12, 0, 25, 0, 0, 46, 0, 8, 0]
Node 119 [3, 0, 0, 25, 1, 36, 0, 4533, 0, 0]
Node 120 [0, 12, 0, 0, 0, 0, 46, 0, 8, 0]
Node 121 [3, 12, 1054, 25, 1, 36, 0, 0, 0, 0]
Node 122 [0, 12, 1054, 0, 0, 0, 46, 4533, 8, 0]
Node 123 [3, 0, 0, 0, 0, 36, 46, 4533, 0, 0]
Node 124 [0, 12, 0, 0, 1, 36, 0, 4533, 8, 4271]
Node 125 [0, 12, 0, 0, 1, 0, 46, 0, 8, 4271]
Node 126 [0, 0, 1054, 25, 0, 36, 46, 0, 0, 4271]
Node 127 [3, 12, 0, 25, 1, 0, 46, 4533, 8, 0]
Node 128 [0, 12, 0, 25, 0, 36, 0, 0, 0, 4271]
Node 129 [0, 0, 0, 25, 0, 36, 0, 4533, 8, 4271]
Node 130 [0, 0, 0, 0, 0, 36, 46, 0, 8, 0]
Node 131 [3, 0, 1054, 25, 0, 36, 46, 4533, 8, 0]
Node 132 [0, 12, 1054, 0, 0, 36, 0, 4533, 0, 0]
Node 133 [0, 12, 1054, 25, 1, 36, 46, 0, 0, 0]
Node 134 [0, 12, 1054, 25, 1, 36, 0, 4533, 0, 0]
Node 135 [3, 0, 1054, 25, 1, 36, 46, 0, 8, 4271]
Node 136 [0, 12, 0, 25, 1, 0, 46, 0, 0, 0]
Node 137 [0, 0, 1054, 0, 1, 0, 0, 0, 8, 4271]
Node 138 [3, 0, 1054, 0, 0, 0, 46, 4533, 8, 0]
Node 139 [3, 12, 0, 25, 1, 36, 46, 4533, 0, 0]
Node 140 [3, 0, 0, 0, 0, 0, 46, 0, 0, 0]
Node 141 [3, 0, 1054, 25, 0, 36, 46, 4533, 8, 0]
Node 142 [3, 12, 0, 0, 0, 36, 0, 4533, 8, 4271]
Node 143 [0, 12, 1054, 0, 1, 0, 46, 4533, 0, 0]
Node 144 [0, 12, 1054, 0, 1, 36, 46, 4533, 8, 4271]
Node 145 [0, 0, 0, 0, 0, 0, 0, 4533, 8, 4271]
Node 146 [0, 12, 0, 25, 1, 36, 46, 4533, 0, 4271]
Node 147 [3, 0, 1054, 0, 1, 0, 46, 0, 8, 4271]
Node 148 [3, 12, 0, 25, 0, 0, 46, 4533, 8, 4271]
Node 149 [3, 0, 0, 0, 0, 36, 0, 0, 8, 0]
Node 150 [0, 12, 1054, 25, 1, 0, 46, 0, 0, 4271]
Node 151 [3, 0, 1054, 0, 0, 36, 0, 4533, 0, 0]
Node 152 [0, 0, 0, 25, 1, 36, 46, 0, 8, 0]
Node 153 [0, 0, 1054, 0, 0, 36, 0, 4533, 0, 0]
Node 154 [3, 0, 0, 25, 0, 36, 46, 4533, 0, 0]
Node 155 [0, 0, 1054, 25, 0, 36, 46, 4533, 8, 4271]
Node 156 [0, 12, 1054, 25, 0, 36, 0, 0, 8, 0]
Node 157 [3, 0, 0, 0, 0, 36, 0, 0, 8, 4271]
Node 158 [3, 0, 0, 0, 0, 0, 0, 4533, 0, 4271]
Node 159 [0, 12, 0, 25, 1, 0, 0, 4533, 0, 4271]
Node 160 [3, 12, 0, 0, 0, 0, 0, 0, 0, 0]
Node 161 [0, 12, 1054, 0, 0, 0, 46, 0, 0, 4271]
Node 162 [0, 12, 1054, 25, 1, 36, 46, 4533, 8, 0]
Node 163 [3, 0, 1054, 0, 1, 36, 46, 4533, 0, 0]
Node 164 [0, 12, 0, 0, 0, 36, 46, 0, 8, 0]
Node 165 [0, 0, 1054, 0, 0, 36, 46, 0, 8, 0]
Node 166 [0, 12, 0, 25, 1, 36, 46, 4533, 0, 4271]
Node 167 [3, 0, 1054, 0, 0, 0, 46, 0, 0, 0]
Node 168 [0, 0, 0, 25, 1, 36, 0, 4533, 8, 4271]
Node 169 [0, 0, 1054, 0, 0, 36, 0, 4533, 0, 4271]
Node 170 [3, 0, 0, 0, 1, 0, 0, 0, 8, 4271]
Node 171 [0, 12, 1054, 0, 0, 0, 0, 4533, 8, 0]
Node 172 [0, 12, 1054, 25, 1, 0, 0, 0, 0, 0]
Node 173 [3, 12, 0, 0, 0, 36, 46, 4533, 8, 4271]
Node 174 [0, 0, 1054, 0, 0, 0, 46, 0, 8, 0]
Node 175 [0, 12, 0, 0, 1, 36, 46, 4533, 8, 4271]
Node 176 [3, 12, 1054, 0, 1, 0, 46, 0, 0, 4271]
Node 177 [0, 0, 1054, 0, 1, 0, 46, 0, 8, 4271]
Node 178 [3, 0, 0, 0, 1, 0, 46, 4533, 0, 4271]
Node 179 [0, 12, 0, 0, 1, 0, 0, 4533, 0, 4271]
Node 180 [0, 0, 1054, 25, 0, 36, 46, 4533, 0, 0]
Node 181 [3, 12, 1054, 0, 0, 0, 46, 4533, 0, 4271]
Node 182 [3, 12, 0, 25, 0, 0, 46, 0, 8, 4271]
Node 183 [3, 0, 1054, 25, 0, 0, 0, 4533, 0, 4271]
Node 184 [3, 0, 0, 0, 0, 0, 0, 0, 8, 0]
Node 185 [3, 12, 0, 25, 0, 0, 0, 0, 0, 4271]
Node 186 [3, 12, 0, 0, 1, 0, 46, 0, 0, 0]
Node 187 [3, 0, 0, 25, 1, 36, 46, 4533, 8, 4271]
Node 188 [3, 12, 1054, 0, 1, 0, 46, 4533, 8, 0]
Node 189 [0, 0, 0, 0, 0, 0, 0, 0, 8, 0]
Node 190 [3, 0, 0, 0, 0, 36, 0, 0, 8, 0]
Node 191 [3, 0, 1054, 0, 0, 0, 46, 0, 0, 0]
Node 192 [3, 12, 0, 0, 0, 0, 0, 0, 8, 0]
Node 193 [3, 0, 0, 25, 1, 36, 0, 0, 8, 0]
Node 194 [0, 12, 1054, 0, 0, 0, 0, 0, 8, 0]
Node 195 [0, 0, 0, 25, 1, 0, 46, 0, 0, 0]
Node 196 [3, 12, 0, 0, 0, 36, 46, 4533, 8, 4271]
Node 197 [0, 0, 1054, 25, 0, 36, 0, 4533, 0, 4271]
Node 198 [0, 12, 1054, 25, 1, 36, 0, 0, 0, 4271]
Node 199 [0, 12, 1054, 25, 1, 36, 0, 4533, 0, 4271]
Node 200 [3, 12, 0, 0, 1, 0, 0, 4533, 0, 4271]
Node 201 [0, 12, 0, 0, 1, 0, 46, 0, 0, 0]
Node 202 [3, 12, 1054, 0, 0, 36, 46, 0, 0, 4271]
Node 203 [0, 12, 0, 0, 0, 0, 46, 0, 0, 0]
Node 204 [3, 12, 0, 25, 0, 0, 46, 0, 8, 4271]
Node 205 [0, 12, 1054, 25, 0, 0, 0, 4533, 8, 4271]
Node 206 [3, 0, 1054, 0, 1, 36, 0, 4533, 8, 4271]
Node 207 [3, 0, 0, 0, 0, 0, 46, 0, 0, 0]
Node 208 [0, 12, 0, 0, 0, 36, 46, 4533, 8, 0]
Node 209 [3, 0, 0, 0, 0, 36, 0, 0, 8, 0]
Node 210 [3, 0, 1054, 25, 0, 36, 46, 4533, 0, 4271]
Node 211 [0, 0, 1054, 25, 1, 36, 0, 4533, 0, 0]
Node 212 [0, 0, 1054, 25, 0, 36, 0, 4533, 0, 4271]
Node 213 [0, 12, 0, 25, 0, 36, 46, 0, 8, 4271]
Node 214 [3, 0, 1054, 25, 1, 36, 0, 4533, 0, 4271]
Node 215 [0, 12, 0, 25, 1, 36, 46, 4533, 8, 4271]
Node 216 [0, 0, 0, 25, 1, 0, 0, 0, 8, 0]
Node 217 [0, 12, 1054, 25, 0, 0, 46, 0, 8, 0]
Node 218 [0, 0, 1054, 0, 0, 36, 0, 4533, 8, 0]
Node 219 [3, 0, 1054, 0, 0, 0, 46, 0, 8, 4271]
Node 220 [0, 12, 1054, 25, 0, 36, 46, 4533, 8, 0]
Node 221 [3, 0, 0, 0, 0, 36, 46, 0, 8, 0]
Node 222 [3, 0, 1054, 25, 0, 0, 0, 4533, 8, 0]
Node 223 [0, 12, 1054, 0, 0, 36, 46, 4533, 8, 4271]
Node 224 [0, 0, 0, 0, 1, 36, 46, 0, 8, 0]
Node 225 [3, 12, 0, 0, 1, 36, 46, 4533, 8, 4271]
Node 226 [3, 12, 1054, 25, 0, 0, 0, 0, 8, 0]
Node 227 [3, 12, 0, 0, 1, 0, 0, 4533, 8, 0]
Node 228 [0, 0, 0, 0, 0, 36, 46, 4533, 8, 0]
Node 229 [3, 12, 0, 0, 0, 0, 0, 4533, 8, 0]
Node 230 [0, 0, 0, 25, 1, 36, 46, 4533, 0, 4271]
Node 231 [0, 12, 1054, 25, 1, 36, 0, 4533, 0, 0]
Node 232 [0, 0, 1054, 0, 1, 36, 46, 4533, 0, 0]
Node 233 [0, 12, 1054, 25, 1, 0, 46, 4533, 8, 0]
Node 234 [3, 12, 1054, 0, 0, 0, 0, 0, 0, 4271]
Node 235 [0, 12, 0, 0, 1, 36, 46, 0, 0, 4271]
Node 236 [3, 0, 1054, 0, 0, 0, 0, 0, 0, 4271]
Node 237 [3, 0, 0, 0, 1, 36, 0, 4533, 8, 4271]
Node 238 [0, 12, 0, 25, 0, 36, 46, 4533, 8, 4271]
Node 239 [3, 0, 1054, 0, 0, 36, 0, 4533, 0, 4271]
Node 240 [3, 12, 1054, 25, 0, 0, 0, 0, 0, 4271]
Node 241 [0, 12, 0, 0, 0, 36, 46, 4533, 0, 4271]
Node 242 [0, 0, 1054, 0, 1, 36, 0, 0, 8, 4271]
Node 243 [0, 0, 0, 0, 1, 36, 0, 0, 0, 4271]
Node 244 [3, 0, 0, 0, 0, 36, 0, 0, 8, 0]
Node 245 [3, 0, 0, 0, 1, 36, 46, 0, 8, 4271]
Node 246 [3, 12, 1054, 0, 0, 36, 46, 4533, 8, 4271]
Node 247 [3, 0, 1054, 0, 1, 36, 0, 4533, 8, 4271]
Node 248 [0, 0, 1054, 0, 1, 36, 46, 4533, 0, 4271]
Node 249 [0, 0, 0, 0, 0, 0, 0, 4533, 0, 0]

queries
SEQ(F, I, AND(C, SEQ(J, B, AND(E, G, SEQ(H, A, D)))))

muse graph
SELECT SEQ(A, B, C, D, E) FROM AND(B, SEQ(A, E, F)); I ON {1, 2, 4, 6, 7, 8, 9}/n(I)

selectivities
{'BF': 1, 'FB': 1, 'JC': 0.09523021863072663, 'CJ': 0.09523021863072663, 'CF': 1, 'FC': 1, 'CD': 0.14563561714727988, 'DC': 0.14563561714727988, 'AF': 1, 'FA': 1, 'BH': 0.16006661248336002, 'HB': 0.16006661248336002, 'JD': 1, 'DJ': 1, 'JG': 0.07424006733737075, 'GJ': 0.07424006733737075, 'HD': 0.16242698486192306, 'DH': 0.16242698486192306, 'JH': 1, 'HJ': 1, 'AI': 1, 'IA': 1, 'BD': 0.1646348899710551, 'DB': 0.1646348899710551, 'GI': 0.022226283713295592, 'IG': 0.022226283713295592, 'HE': 1, 'EH': 1, 'EI': 0.12371281999942267, 'IE': 0.12371281999942267, 'FG': 1, 'GF': 1, 'DG': 1, 'GD': 1, 'AH': 1, 'HA': 1, 'JF': 0.058400329522787724, 'FJ': 0.058400329522787724, 'BE': 1, 'EB': 1, 'HF': 1, 'FH': 1, 'JB': 0.15537699780013756, 'BJ': 0.15537699780013756, 'AD': 1, 'DA': 1, 'AG': 1, 'GA': 1, 'DI': 0.09160758403627682, 'ID': 0.09160758403627682, 'CI': 1, 'IC': 1, 'HI': 0.12737448950511263, 'IH': 0.12737448950511263, 'FD': 1, 'DF': 1, 'ED': 0.11583268055682867, 'DE': 0.11583268055682867, 'FI': 0.13846309007407334, 'IF': 0.13846309007407334, 'EG': 0.027895277462996797, 'GE': 0.027895277462996797, 'AB': 0.09718341387589748, 'BA': 0.09718341387589748, 'BI': 0.15627189935321323, 'IB': 0.15627189935321323, 'CH': 0.03750225882181502, 'HC': 0.03750225882181502, 'CG': 1, 'GC': 1, 'HG': 0.15121461176307327, 'GH': 0.15121461176307327, 'BG': 0.026813099803118717, 'GB': 0.026813099803118717, 'CA': 0.14694316563708557, 'AC': 0.14694316563708557, 'JE': 0.1603420470849717, 'EJ': 0.1603420470849717, 'FE': 1, 'EF': 1, 'CE': 0.11724792267459344, 'EC': 0.11724792267459344, 'AE': 0.13562267962061758, 'EA': 0.13562267962061758, 'JA': 0.14495799350942706, 'AJ': 0.14495799350942706, 'JI': 1, 'IJ': 1, 'CB': 0.15624362873194095, 'BC': 0.15624362873194095}