3 0 0 35 10 0 0 0 43 10 0 0 1 3 2
3 0 0 0 0 0 0 135 43 10 0 53 1 0 0
3 0 0 0 10 0 3 135 0 0 2 0 0 3 2
3 0 0 0 10 2 3 135 43 0 2 0 0 3 2
3 0 0 0 0 2 0 135 0 10 0 53 1 3 2
0 3 0 35 0 0 0 135 0 0 0 53 1 3 2
0 0 0 0 0 0 0 0 43 10 0 0 1 3 2
0 0 0 0 10 0 0 0 0 10 0 53 1 3 2
0 0 0 35 10 2 3 0 0 0 2 53 1 0 0
3 0 0 35 10 2 0 135 0 10 2 0 0 0 2
0 0 0 0 0 2 3 0 43 10 2 53 1 0 2
0 3 0 0 10 2 3 0 0 0 0 53 1 0 0
0 0 0 0 10 0 0 135 0 10 0 53 1 3 0
3 3 0 0 10 0 0 0 0 0 0 0 1 0 0
3 3 0 0 0 0 0 135 43 0 0 53 1 3 0
3 0 0 0 0 0 0 0 43 0 0 53 1 0 2
3 3 0 0 10 2 3 0 43 10 0 53 1 0 2
3 3 0 35 10 2 3 0 43 10 2 0 0 3 0
0 0 0 35 10 2 3 0 0 0 0 0 1 0 0
3 0 0 0 0 0 3 135 43 0 0 0 0 0 0
-----------
Randomized Rate-Based Primitive Event Generation
-----------
SELECT SEQ(J, AND(E, SEQ(O, AND(A, K, H)))) FROM K, A, E, J, SEQ(O, H) ON {9}/n(K) WITH selectionRate = 2.63726931e-7
SELECT SEQ(O, H) FROM H, O ON {1, 2, 3, 4, 5, 9, 12, 14, 19}/n(H) WITH selectionRate = 0.005467279169752329
