14 3 11 2 0 0 0 0 0 1 0 0 0 0 1
0 3 11 2 33 2 0 92 0 0 27 3 21 0 0
0 3 0 2 0 0 0 92 84 0 27 3 21 42 1
14 3 11 0 33 2 11 92 84 1 0 3 0 42 0
0 3 0 0 0 0 0 0 0 0 27 3 21 42 0
14 3 11 2 0 2 0 0 0 0 0 3 0 42 1
0 3 11 0 33 2 0 0 0 0 27 0 21 42 1
14 3 0 0 0 2 11 92 0 1 0 0 0 42 1
0 0 11 0 33 0 0 92 84 0 27 0 21 0 1
0 3 0 0 33 0 0 0 84 0 27 3 21 42 1
14 3 11 2 33 0 0 0 84 1 27 3 21 0 0
0 3 0 0 0 2 0 92 84 1 27 3 21 0 1
0 3 11 0 0 0 11 0 84 1 0 3 21 0 0
0 3 11 2 33 2 11 92 0 1 27 0 0 42 0
0 0 0 0 33 0 11 0 84 0 27 0 21 42 1
14 0 0 2 0 2 0 0 84 1 0 3 21 42 1
0 3 11 2 0 0 0 92 0 1 0 0 21 42 0
14 0 0 0 0 2 11 0 0 0 27 0 0 0 0
14 0 0 2 33 0 11 0 0 1 27 0 21 42 0
0 3 11 0 33 0 11 92 0 1 27 0 0 0 1
-----------
Randomized Rate-Based Primitive Event Generation
-----------
SELECT SEQ(H, O, AND(M, K, I, C, N)) FROM K, C, M, N, I, SEQ(H, O) ON {2}/n(H) WITH selectionRate = 4.5354297e-11
SELECT SEQ(H, O) FROM H, O ON {1, 2, 3, 7, 8, 11, 13, 16, 19}/n(H) WITH selectionRate = 0.005467279169752329
